115
380 -147 -147 -147 -147 -147 -147 -147 -147 -147 -147 -147 -147 -147 -147 -147 -147 2562 -147 -147 -147 -147 2562 -147 -147 -147 -147 -147 -147 -147 -147 -147 -147 -147 -147 -147 2562 2562 -147 -147 -147 -147 -147 -147 -147 -147 -147 -147 -147 -147 -147 -147 -147 -147 -147 -147 -147 -147 -147 -147 -147 -147 -147 -147 -147 -147 -147 -147 -147 -147 -147 -147 -147 -147 -147 -147 -147 -147 -147 -147 -147 -147 -147 -147 -147 -147 -147 -147 -147 -147 -147 -147 -147 -21 -147 -147 -147 -147 -147 -147 -147 -147 -147 -147 -147 -147 -147 -147 -147 -147 -147 -147 2562 2562 -21 
-7 111 -147 111 -147 -18 111 111 -18 111 -18 111 -18 111 -147 240 240 -147 -147 -18 111 498 -147 -18 111 -147 -147 -18 -147 -18 -18 240 -18 -18 111 240 111 -18 -147 -18 240 -147 -18 -147 -147 -147 -147 -18 -18 111 -147 -147 111 240 111 -147 -147 -18 -147 -18 -147 240 -18 111 -147 -147 240 -18 111 -18 -18 -18 111 240 -18 -18 -147 -18 240 -147 111 -18 -147 -147 -18 -147 -18 111 -18 -18 -18 111 -18 108 -18 -18 -147 -18 240 -147 -147 240 -18 -147 -147 -147 -18 -147 -18 111 -18 -18 240 -18 -21 
-7 -147 -147 -147 -18 240 -147 -147 -18 -18 240 369 -18 -18 111 -18 -18 111 -18 369 -18 240 -18 -18 -18 -18 -18 -18 -147 -18 111 -147 111 -18 -147 -18 -18 -18 -147 -18 111 -18 -18 -147 -18 -147 -147 -18 111 -18 -18 -147 -147 -18 -147 -147 240 -18 -18 -18 111 -18 -18 111 111 -147 111 -18 -147 -18 111 -147 -18 -147 -147 369 -18 -147 111 111 -18 -147 -18 240 -18 -18 -18 -147 -18 -18 111 111 111 -21 -18 -147 -18 111 111 627 -18 -18 -147 -18 -18 -18 -18 -147 -18 -18 -147 369 -147 111 -21 
-7 111 -147 111 -18 -18 -147 111 -147 -147 -18 -147 -18 498 -147 -147 -147 -18 -18 -18 240 111 111 -147 240 -147 -147 240 240 111 240 111 -147 -18 -18 -18 -18 -18 111 -147 240 -147 -18 -147 111 -147 -18 -18 -147 -18 -18 240 111 240 -147 -18 111 111 111 111 111 -147 111 -147 -18 240 -18 -18 -18 -18 -147 -18 111 -147 -18 -18 -18 -18 -147 369 -147 -147 -147 -147 -18 240 -18 -18 -147 -18 111 -18 111 -21 111 -147 -147 111 -147 -18 240 -18 -18 -18 -147 111 -147 -18 -147 -18 -147 111 111 -147 -21 
-7 -147 -18 -18 -147 111 -147 240 -18 111 369 -147 -18 -18 -147 -147 -18 -147 -147 -18 -18 -147 -18 240 111 111 -147 111 111 240 -18 -18 111 -18 111 -18 -18 111 -147 -18 111 -18 -18 -18 -147 -18 -18 -18 369 -147 111 111 111 -18 111 111 -147 -147 111 -18 369 -147 -147 -18 111 -18 111 -147 -147 -147 -147 -18 -18 111 -147 -147 -147 111 240 -18 -18 -147 -18 -18 -18 -147 240 -18 -147 -18 -18 111 -147 -21 240 369 240 -147 -147 -18 -18 111 240 -147 -18 -18 -18 -147 -18 -147 -147 -18 -147 240 -21 
-7 -18 240 -18 111 369 240 -147 111 -18 -147 111 -147 111 -18 -18 -18 -18 -18 -147 -18 -18 111 -18 111 -147 240 111 -147 240 -18 -147 240 -147 -147 -18 -147 111 111 111 -18 -147 369 111 -18 -147 -18 -18 240 -18 -147 -147 111 -18 111 -18 -147 -18 111 111 -147 111 111 240 111 -147 111 -18 -147 -147 -18 -18 -18 -18 -147 -147 -18 240 240 -18 -18 -18 -18 -147 -147 240 111 -147 -147 111 111 -147 -147 -21 -147 -147 -147 -147 -147 -18 240 -147 -147 -147 111 -18 -18 111 -147 -18 -18 -18 111 -147 108 
-7 111 -147 -147 -147 240 111 -147 -147 240 -147 -147 111 -147 -18 -18 -18 -147 240 -18 -147 111 -147 -147 111 -18 111 111 -18 -18 -147 -147 -147 -18 240 -147 240 111 111 240 111 111 -147 240 -147 111 -18 -147 -18 240 -147 -147 111 -18 111 -147 111 -18 111 240 240 -18 -18 -18 -18 -18 -18 -18 -18 -18 -18 111 240 -18 -18 240 111 -147 -18 -147 -147 -147 -18 -18 -18 111 111 -147 -147 111 -147 -18 111 -21 -18 111 111 369 -147 -147 111 -147 -147 -18 -147 -147 -147 -18 369 -18 -147 -147 -18 -18 -21 
-7 111 -147 111 240 -147 -147 -147 240 111 240 -18 -18 -18 -18 369 -147 -18 -147 -18 -147 111 111 -147 -18 -18 240 -18 -18 -18 -147 240 -18 -147 -147 240 -147 -18 -147 111 -147 111 -147 369 -18 -147 -147 111 -147 -18 -18 111 111 -18 -147 111 -147 -147 -18 111 111 -147 111 -18 -18 -18 -18 -18 111 -18 -147 -18 111 111 -18 111 -18 -147 -147 -147 111 -18 -147 -18 111 369 240 -18 111 -147 -147 -18 -18 -21 -18 111 240 -147 -18 111 -147 -147 -18 -18 -147 240 -147 -18 -147 -18 -147 111 111 -18 108 
-7 -18 -18 -147 -18 111 -147 240 111 -147 -18 111 111 -147 -147 -18 -147 111 -18 -18 -18 -147 -18 -18 111 240 -147 -147 -18 111 111 111 -147 -18 -18 111 111 -147 -18 111 -147 369 -18 240 111 -18 -147 -147 240 -147 111 -147 111 111 -147 -18 -18 111 -18 -18 -18 -18 240 -18 -18 -147 111 -18 -18 -147 -147 369 111 -147 -18 -147 -18 111 -147 -18 -147 240 -18 -18 -147 -18 -147 -18 -18 369 -147 -147 369 -21 111 111 -147 -18 369 -18 -18 -18 -147 -147 -18 -147 111 -147 -147 -18 -18 111 111 -147 -21 
-7 111 -18 -147 111 -18 240 111 -147 -147 240 -18 -18 -147 240 -147 111 111 -18 -147 240 111 -18 111 240 111 -147 -18 -147 -18 -18 -18 240 -18 111 -147 111 -18 -18 -147 -147 -147 -18 240 -147 -18 -147 -18 -147 -18 -18 -18 -18 240 111 111 -18 -18 369 -18 -18 111 111 -18 -147 -147 111 -18 111 498 -18 -18 -18 -147 -147 -18 -18 -18 -147 -147 -147 -147 111 111 498 111 -147 -18 -18 -18 111 -147 -18 -21 111 -18 -18 -147 -18 -18 -147 -147 -18 -147 -147 -18 -18 111 -147 -147 111 -18 -147 -18 -21 
-7 -18 240 -18 369 -147 -147 240 -18 240 -147 -147 369 -147 -147 -18 -18 -18 240 -18 240 240 -18 -18 -18 -18 -147 -147 -18 -147 -147 -18 -18 -147 111 -147 111 -18 -18 111 240 111 -147 111 -18 -147 -147 111 240 -147 -147 -147 -147 -147 -18 -147 -18 -18 -18 -147 111 111 -147 -18 -18 -147 -147 111 240 -18 111 111 -18 111 111 -147 -147 -18 -18 369 240 -18 -18 240 -147 111 -18 -18 -18 -147 240 -147 -147 -21 -18 -18 -18 -18 -147 -18 111 -147 -18 -147 111 111 -18 111 -147 -18 -18 111 -18 -18 -21 
-7 111 369 -147 -147 111 -147 -18 111 -18 -147 -147 -147 -18 -18 -18 -18 111 -18 240 111 111 111 111 111 -18 240 -147 -147 -147 240 369 -147 111 -18 -18 -147 -18 -18 -18 -18 -147 -18 369 -147 111 -18 -147 -147 -18 240 -18 -147 -18 111 240 -147 111 -18 -18 -18 -18 -18 111 -147 369 111 -18 111 -147 111 -18 -147 -18 -18 -147 -18 -147 111 111 -18 -147 369 240 -147 -147 111 -147 -147 -18 -18 -147 -18 108 -18 -18 -18 111 -18 111 -18 -18 -18 -18 -147 -18 -147 -147 -18 -18 -147 -147 -18 -18 -21 
-7 -18 -18 -18 -18 -147 111 -18 111 -18 369 -147 -147 -18 -18 111 -147 240 -18 -147 -147 -18 -18 -18 111 111 -18 -18 -18 -18 -18 -147 111 111 -18 111 -147 111 -18 -147 111 369 -147 -18 -147 -18 369 -147 240 111 -18 -18 -18 -18 -18 -147 111 369 111 -147 -147 111 -147 -147 -18 -147 -18 -18 111 -147 111 -147 -18 -18 111 -18 -18 -18 -18 -18 -147 -147 -18 -18 -18 240 -147 -18 -147 -18 111 -18 111 237 -147 111 -18 -147 -147 -18 111 111 -147 111 -18 240 -18 -18 111 -18 -18 -18 -18 -147 -21 
-7 111 -18 498 -18 111 -147 -18 -147 -147 -147 -18 -18 -147 -18 111 111 111 -18 111 111 -147 -147 111 111 -18 -18 -147 -18 240 -18 -18 -18 -18 -18 -18 -18 240 240 -147 111 111 -147 -147 -18 -18 -18 111 -18 111 111 -18 -147 -147 -18 240 -18 -18 -147 -18 -147 -147 -18 -147 -147 111 111 240 -147 498 111 -18 111 111 -147 111 -18 -147 240 -18 111 111 -147 -18 -147 111 -18 -18 -147 111 -147 -147 -18 -21 -147 369 -147 -147 -18 111 -18 -147 -147 -147 111 111 111 -18 111 -147 -147 -18 -18 -147 -21 
-7 -147 111 -147 -147 -18 -18 -18 -147 240 -147 -18 -18 -18 111 369 -147 -18 -147 -18 -147 -147 -18 111 -147 111 -18 -147 -147 369 -18 -147 111 111 -18 240 111 -18 -18 -147 240 -18 -18 -18 -18 -147 -18 -147 -147 -18 240 111 111 -18 111 -147 111 -18 111 111 -18 -18 498 -147 -18 111 -147 111 -18 -18 111 -147 -18 240 -18 -147 -147 -18 -18 -18 -18 240 -147 240 -18 -18 -18 111 -18 -147 369 -18 111 -21 111 -147 111 240 -147 -18 -147 -18 -147 -18 -18 -147 -18 111 -147 -147 -18 -147 -18 -18 -21 
-7 240 -18 -147 -147 -18 -18 369 -18 -147 -18 -18 111 111 369 111 -147 -18 -18 -18 -147 -18 -18 -147 -18 -18 111 111 -147 240 -18 111 -18 111 -147 -147 111 -18 -147 -18 -18 111 111 111 -147 240 111 -147 -18 -18 -18 -18 111 -18 -147 -18 111 -147 -18 -18 -18 -18 -147 -147 -18 111 -18 -18 240 111 -147 240 -18 -18 -147 111 -147 -147 111 -18 240 -147 -18 -147 -18 -147 -18 -18 111 111 240 369 -147 -21 -147 -18 -147 -147 -147 -18 -18 -147 -147 111 498 -18 -147 -147 -147 240 -18 -18 -18 -18 -21 
-7 240 -18 -147 -18 -18 -18 -147 -147 111 -18 -18 -147 111 -147 -147 111 -18 240 240 -147 -18 111 -18 -18 111 -18 -18 -18 -18 -18 -18 -18 -18 111 -18 -147 111 111 -18 -18 111 -18 111 -147 111 -147 111 -18 -18 -147 498 -18 -147 240 -147 240 -147 -147 -147 -18 -147 -18 -18 -18 -18 -18 -18 -18 111 -147 -18 -18 369 -147 111 -147 111 -18 111 -147 -147 -18 -18 -147 -147 -147 -18 -18 240 -18 -18 111 108 111 -147 111 -147 111 -18 -147 -147 111 -18 111 -147 -18 111 -147 -147 369 240 111 -147 108 
122 -147 111 -18 -147 -18 -147 -18 111 111 -18 111 240 111 -18 -18 -18 -18 240 240 111 -18 -147 -147 -18 240 -147 -18 -18 240 111 -147 -18 111 111 -147 -147 240 -147 -147 -147 -18 -18 -18 111 111 -18 111 -147 111 -147 111 -18 -18 -147 -18 -147 -18 -147 240 -18 111 -18 111 111 111 -18 -147 -147 -147 111 240 -147 -18 111 -18 -18 -18 111 -147 111 111 -147 -18 498 111 111 -18 -18 -18 -18 -147 -18 108 -147 -18 -18 -18 -18 -147 -18 -18 -18 -147 -18 -18 -147 -18 -147 -18 -18 111 -147 -147 -21 
-7 -147 -18 -18 -147 -18 240 -147 -18 -18 240 -18 -18 -18 -147 -18 240 240 111 -147 -18 -18 111 111 111 -18 111 -147 -147 -18 -147 111 -18 -147 -18 -147 -147 -147 -147 -18 -18 -18 -147 -18 498 -147 -18 -147 111 240 -147 369 -18 -18 -147 -18 111 -18 -147 240 -18 -18 111 111 -18 240 -18 -147 111 -18 -18 111 240 -18 -147 111 -18 -18 -147 -18 369 -18 111 111 -147 -147 -147 -18 -18 -18 240 111 -18 -21 -147 111 -18 -147 -18 -147 240 -18 -18 -147 -147 -147 240 -18 -18 -18 -18 -147 -147 111 -21 
-7 -18 369 -18 -18 -147 -18 -18 -18 -147 -18 240 -147 111 -18 -18 240 240 -147 -147 -147 111 -147 -18 111 111 -147 -147 369 -147 -147 111 -18 -18 111 -18 -147 369 -18 -18 111 -18 -18 -18 -147 -18 -147 -18 -18 -147 -18 -18 240 -147 -18 -18 111 -147 111 369 -18 -147 111 -147 240 -147 -18 111 369 -147 -147 -147 -147 -18 -147 -18 111 -147 -18 111 -147 111 -18 111 111 -147 111 111 111 111 -147 -18 -147 -21 -147 -147 -18 -18 111 -18 111 -18 -18 -18 111 -18 111 -18 240 111 -147 -18 -147 -147 -21 
-7 111 -18 240 -18 -18 -147 -147 -18 240 240 111 -147 111 -147 -147 -147 111 -18 -147 -147 -18 -18 -18 240 111 111 111 240 -147 -18 -147 -18 -18 -18 240 111 -18 -18 111 -18 -147 111 -147 -147 -18 -18 -147 -18 -18 -18 -147 -147 240 -18 111 369 -18 240 -147 -147 -18 -147 111 -18 111 -18 111 -18 -18 369 498 -18 111 -18 -147 -147 -147 -18 -18 240 240 111 -147 -18 -147 -18 -18 111 -18 -147 -18 -18 -21 -147 -147 240 -18 -18 -18 -18 -147 -18 -18 -18 -147 -147 111 -147 -147 -18 -18 -147 -18 -21 
-7 498 240 111 -147 -18 111 111 -147 111 240 111 -18 -147 -147 -18 -18 -18 -18 111 -18 111 -18 -18 -147 -147 -147 111 -147 111 111 -18 111 -147 -18 -147 -147 -147 -18 -147 -18 111 -18 -147 240 240 -18 -147 -147 -18 111 -18 -147 -147 -18 -18 -18 -18 240 -18 240 111 -18 111 240 -147 -18 -18 -147 -147 -18 -147 111 -18 -18 -18 -18 -18 -147 240 -18 240 111 -18 111 -147 111 -147 240 -147 -147 -18 111 -21 -147 111 -18 -147 -147 -18 -147 -18 -147 -18 -18 -18 -18 111 111 -18 -18 -147 498 -147 -21 
122 -147 -18 111 -18 111 -147 111 -18 -18 -18 111 -18 -147 -18 -18 111 -147 111 -147 -18 -18 -18 111 -18 -18 -18 240 -147 -18 -147 240 -18 240 -18 111 240 -147 -18 111 240 111 111 -18 -18 -18 -18 -18 111 -18 -18 111 -18 -18 -18 111 111 111 -18 -18 -147 111 240 -147 -147 -18 111 -18 -18 -147 -18 -18 -147 -147 -147 111 111 -18 -18 111 -147 -147 111 -18 -147 -147 -18 -18 369 -147 -18 111 111 -21 -147 -18 -147 -147 -147 -18 -147 -147 240 -147 -147 240 -147 240 240 -147 -18 -18 -147 -147 108 
-7 -18 -18 -147 240 -18 -147 -147 -18 111 -18 111 -18 111 111 -147 -18 -147 111 -18 -18 -18 111 111 -147 -147 -147 -147 -147 -18 -18 -18 -147 111 498 -18 -18 111 240 -18 -18 111 -18 -18 111 -18 -18 -147 -147 -18 240 -18 111 111 -147 240 -18 -18 240 240 -18 111 -147 111 -147 -147 111 -147 -147 -18 111 -147 -18 240 111 -147 -18 111 -147 -147 111 -18 -147 111 -147 -18 -147 -18 -18 240 -147 498 -18 -21 -147 -147 -18 -147 -18 111 111 -18 -18 -18 -18 369 -18 -147 -147 -18 -18 -147 -18 -18 -21 
-7 111 -18 240 111 111 111 -18 111 240 -18 111 111 111 -147 -18 -18 -18 111 111 240 -147 -18 -147 111 -147 240 -147 -18 111 111 -18 -147 111 111 111 -147 -147 -147 -18 -147 111 -18 -18 -147 -18 369 -147 -18 -147 -18 -147 -147 240 -18 -147 111 -18 -147 -18 -147 -147 240 -18 240 -147 -147 -147 -18 111 -147 -147 111 -18 -18 -18 -147 -147 -18 -18 -147 -147 -18 369 111 -18 -18 111 -18 111 -147 -18 -18 -21 -18 -147 -147 -147 -18 -147 -18 -18 369 -147 240 -18 -18 111 111 -18 -147 -147 -18 369 -21 
-7 -147 -18 -147 111 -147 -18 -18 240 111 -18 -18 111 -18 111 -18 111 240 -18 111 111 -147 -18 -147 -147 -147 -18 111 -18 -147 -147 -18 369 111 -18 -147 -147 111 -18 -147 111 -147 -18 -18 -147 111 -18 -18 -18 -147 -147 -18 -147 111 -18 -147 111 -18 240 -18 -18 -18 111 240 -147 369 111 111 -147 -147 -147 -18 240 111 111 -18 -147 111 -147 -18 -147 -18 -18 -147 -147 111 -18 111 111 -147 -18 111 -18 -21 -18 369 -147 111 498 -18 -18 -147 111 -18 240 -18 -147 -18 111 -147 -147 -147 -18 -147 -21 
-7 -147 -18 -147 -147 240 111 240 -147 -147 -147 240 -18 -18 -18 111 -18 -147 111 -147 111 -147 -18 -147 240 -18 -147 -18 111 -18 -18 -18 -147 -18 -147 240 -18 240 -18 -147 111 -147 -18 240 369 -18 369 240 -18 -18 111 -18 -18 -147 -18 -147 -18 111 -18 -18 -18 -18 -147 240 -18 -147 240 -147 111 -18 -18 -18 240 240 -18 -18 -147 -147 -147 111 -18 -18 -18 -18 -18 -18 -18 -147 111 -147 -147 -147 -147 -21 -18 -18 111 -18 111 111 -147 -147 -18 369 -18 111 -147 -18 -18 -147 240 -147 -147 111 -21 
-7 -18 -18 240 111 111 111 -18 -147 -18 -147 -147 -18 -147 -147 111 -18 -18 -147 -147 111 111 240 -147 -147 111 -18 369 -147 -147 -18 -18 -147 369 240 240 -147 111 -147 -18 -18 -147 -18 111 111 111 -147 111 111 -147 111 240 111 -147 -147 -147 -18 -147 111 -18 -147 111 -18 -18 240 -147 -147 -147 -147 111 240 -18 -147 -147 111 111 -147 -147 -18 -147 -18 -147 240 -18 -18 -147 -18 240 -147 -18 -18 -18 111 -21 111 240 -18 -18 111 111 240 -18 -147 111 111 -147 -18 111 -147 111 -147 -18 -18 -147 -21 
-7 -147 -147 240 111 -147 -18 -18 -18 -147 -18 -147 -18 -18 -147 -147 -18 -18 -147 369 240 -147 -147 -147 -18 -18 111 -147 -147 -18 240 -18 111 -18 -18 -147 111 111 -18 240 111 240 111 -18 111 -18 -18 -18 -18 369 -147 -18 111 -18 -147 111 111 -147 240 -18 111 111 111 -18 111 -147 -18 -147 111 -18 -18 111 -147 111 -147 -147 -18 -18 111 -147 -147 -147 111 -18 -147 -18 111 240 111 -18 240 -147 -147 -21 -147 -147 111 -18 111 -18 -147 -18 111 498 -147 -18 111 -147 -18 -147 -18 -147 111 -147 -21 
-7 -18 -18 111 240 240 -18 -18 111 -18 -147 -147 -18 240 369 240 -18 240 -18 -147 -147 111 -18 -18 111 -147 -18 -147 -18 369 111 -18 -18 -147 369 -147 -147 -147 -18 -147 111 -18 -18 -18 240 240 -147 -147 240 -18 -147 111 -147 -18 -18 -147 111 -18 -18 -147 -18 111 -18 -147 -147 -18 111 -18 -18 -18 111 -18 -147 -147 111 -18 111 -147 -147 -147 -147 111 111 -147 -147 -147 240 -18 -18 -147 -147 -147 -147 -21 111 -147 240 -18 111 -147 -147 -18 111 -18 -18 111 -18 -147 111 -18 111 240 -18 111 -21 
-7 -18 111 240 -18 -18 -147 -147 111 -18 -147 240 -18 -18 -18 -18 -18 111 -147 -147 -18 111 -147 -18 111 -147 -18 -18 240 111 -147 -18 -147 240 -18 -18 111 -18 -18 -147 -147 -18 -18 -18 -18 111 -18 -18 -18 -18 -18 111 -147 -18 111 111 -18 -18 -18 -147 240 -147 -147 498 -18 -147 -147 -18 111 -18 -18 -147 -147 -147 240 111 -18 -18 -18 -147 -18 -147 -147 -18 -147 111 111 -147 240 369 627 -18 240 -21 111 111 -18 -18 -18 -147 -147 -18 -18 -18 -147 -18 -18 -18 -18 -18 111 -147 -18 -18 -21 
-7 240 -147 111 -18 -147 -147 240 111 -18 -18 369 -147 -18 -147 111 -18 -147 111 111 -147 -18 240 -18 -18 -18 -18 -18 -18 -18 -18 -147 240 111 -18 -147 111 -18 111 -147 -18 111 -147 -18 -18 -147 111 111 -18 111 -18 -18 -18 -18 -18 -147 -147 111 -18 -18 -18 -147 111 -18 -147 -18 -147 -18 111 -18 111 -18 -147 -147 -18 -18 -18 111 -18 -18 111 -18 369 -18 -18 111 498 240 -147 -18 -147 240 -147 -21 240 -147 -147 -18 111 -18 240 -147 -147 -147 -147 -147 -18 -147 111 -147 369 -147 -147 -18 -21 
-7 -18 111 -147 111 240 -147 -18 -147 240 -18 -147 111 -18 111 -18 -18 -18 -18 -18 -18 111 -18 -147 -147 369 -147 -147 111 -18 -147 240 111 -147 -147 -18 111 -18 -18 -147 -147 -18 240 -147 -18 -18 -147 -147 -18 -18 -18 369 -147 240 -18 111 -147 111 -18 -18 -18 -147 -18 111 -18 -147 -147 -147 111 111 -18 -18 240 -147 -18 -147 -18 -18 240 -147 111 -18 -18 -18 -147 111 111 111 -147 -147 -147 -18 240 -21 -147 -147 -147 -147 -18 111 111 240 -18 369 111 -18 -147 111 369 -147 111 -18 -18 -18 -21 
-7 -18 -18 -18 -18 -147 -18 -147 -18 -18 -147 111 111 -18 111 111 -18 111 -147 -18 -18 -147 240 111 111 111 -18 369 -18 -147 240 111 -147 369 -18 -147 -147 -147 111 -147 111 -18 111 -18 -18 -18 -18 -18 369 111 -147 -147 -18 -147 111 111 -18 -147 -18 -18 240 -18 -147 -18 -147 -18 -147 -18 111 -147 -18 -18 498 -18 -18 -18 240 -147 111 -147 -18 111 -147 240 111 111 -147 240 -18 -18 -147 -18 -147 -21 -147 -147 -18 -18 -147 111 -147 111 111 -147 -18 -147 -18 -18 -147 -147 240 -18 111 -147 -21 
-7 111 -147 -18 111 -147 240 -147 -18 111 111 -18 -18 -18 -18 -147 111 111 -18 111 -18 -18 -18 498 111 -18 -147 240 -18 369 -18 -18 -147 -18 -147 -18 -147 240 -18 369 -18 -18 111 -18 111 111 -147 -18 -147 -147 111 -18 -18 -147 111 -147 -147 -147 -147 -147 -147 -147 -18 -147 -147 -147 111 -18 -18 -147 111 111 -18 -147 -18 -18 -147 -18 -147 111 240 -147 111 111 -18 369 -18 111 111 -18 -18 -18 111 -21 -18 -147 -147 240 111 -147 -147 240 -18 111 111 111 -147 -147 111 -18 -18 -147 -147 -18 -21 
-7 240 -18 -18 -18 -18 -147 240 111 -147 -147 -18 111 -18 240 -147 -18 -147 -147 -18 240 -147 111 -18 111 -147 240 240 -147 -147 -18 -147 -18 -147 -18 111 -18 111 -18 -18 240 -18 111 -18 -147 -18 -18 -18 -147 -18 -18 240 -18 -18 -18 -147 -18 -18 -147 -18 -147 -18 -147 -18 111 -18 -147 -18 111 -147 111 -18 -18 -147 -147 -18 -18 369 -18 -147 111 240 -147 240 111 -18 -147 -147 -147 -18 111 -18 240 -21 -147 -18 498 -147 240 -18 -18 -18 -18 -147 -147 111 111 -147 369 -18 -18 -18 -18 -18 -21 
122 111 -18 -18 -18 -147 240 -147 111 111 111 -147 -147 -18 111 111 -147 -147 -147 -147 111 -147 240 -18 -147 -147 -18 -147 111 -147 111 111 111 -147 -147 -18 -18 -147 -18 -147 111 -147 -18 -18 -18 111 -147 111 240 111 -18 -147 -18 -18 -147 -18 -147 -18 -18 -18 111 -18 111 111 111 -18 -18 -147 -18 240 111 111 -18 240 -18 -18 -147 -147 -18 240 -18 -18 -18 -18 -18 -18 -147 -18 -18 498 -18 -18 -18 -21 240 -147 111 111 -18 -18 -18 111 -147 -18 111 111 -18 -147 369 -18 -18 -18 -147 -147 -21 
122 -18 -18 -18 111 111 111 -18 -147 -18 -18 -18 111 240 -18 -18 111 240 -147 369 -18 -147 -147 111 -147 111 240 111 111 -147 -18 -18 -18 -147 240 111 -147 -18 111 111 -18 -18 -18 -18 -18 -147 111 -147 -18 -147 -18 -147 111 -18 -18 -18 -18 111 -18 -147 -18 -18 -147 -18 -18 -147 -18 -18 240 240 -147 -147 240 -18 -18 -18 -147 111 -147 -18 -18 240 111 -147 -147 -18 240 -147 -147 -147 111 111 111 -21 111 111 -18 -18 -147 111 -147 -18 -18 -18 -147 -147 -18 -18 -147 369 111 -147 -147 -147 -21 
-7 -147 -147 111 -147 111 111 -147 -18 -18 -18 -18 -18 240 -18 -147 111 -147 -147 -18 -18 -18 -18 240 -147 -18 -18 -147 -18 -18 -18 111 -18 111 -18 -18 -18 111 -147 -147 -18 369 111 240 -147 -147 -18 369 -18 -147 -18 111 -147 498 -18 -147 -18 -18 -147 111 240 111 -147 -147 -18 -18 -147 -18 111 -18 240 -147 111 -18 111 111 111 240 -18 -18 -18 240 369 -147 -18 -18 -147 -147 240 -18 -18 -147 -147 -21 -18 -18 -18 111 -147 -18 -18 -147 -147 -18 240 -18 -18 -147 -18 -147 -147 -18 111 -18 -21 
-7 -18 -18 -147 -18 111 240 111 111 -147 111 -18 -147 -147 -147 -18 -18 -147 -18 -18 111 -147 111 -18 -18 -147 -147 -18 240 -147 -147 -147 -147 -147 369 -18 -147 111 -147 -147 -18 369 240 -18 -18 240 -18 -18 -18 111 -18 -147 111 111 -18 240 -147 -147 -147 -147 -147 240 111 -18 240 369 -18 240 111 -18 -18 -147 -18 -18 -18 -18 111 -147 -18 -18 240 -147 -147 -147 -147 111 111 111 -18 -147 111 -18 240 -21 -18 -147 -18 111 -18 240 -147 -18 -18 -147 -18 -147 -147 111 -18 -147 111 111 -18 111 -21 
-7 240 111 240 111 -18 111 -147 -147 -147 240 -18 111 111 240 -18 -18 -147 -18 111 -18 -18 240 -18 -147 111 111 -18 111 111 -147 -18 -147 111 -18 240 111 -18 -18 -18 -147 111 -18 -147 -147 -147 -147 111 111 -18 -18 -147 -147 -18 -147 -147 -18 -147 -18 111 240 111 111 -18 -18 240 498 111 -18 -147 -147 -18 -147 -18 240 -147 -18 111 -18 -18 -18 -147 -147 240 -18 -147 -147 -147 -147 -147 -18 -147 -18 -21 -147 111 -147 -18 -18 -147 111 -147 -18 240 -147 -147 -18 -18 111 111 369 -18 -147 -18 -21 
-7 -147 -18 -147 -18 -147 111 111 369 -147 111 -147 369 111 -18 111 111 -18 -18 -18 -147 111 111 111 111 -147 -147 -147 240 -18 -18 111 -18 -18 -18 -18 -147 -18 369 369 111 -147 -18 -147 -147 240 369 111 -18 111 111 111 -18 -18 -147 -147 111 -147 -18 111 111 -18 240 111 -147 -147 -147 -18 -147 111 -18 -18 -147 -147 111 -18 -147 111 240 -147 111 -18 111 -18 -18 -147 -147 -18 -18 -18 -147 -147 111 -21 -18 -18 -18 -147 -147 240 -147 -147 -147 -18 -147 -147 -147 111 -18 -18 -18 -18 111 -18 -21 
-7 -18 -18 -18 -18 369 -147 -147 -18 -18 -147 -18 -147 -147 -18 111 -18 -18 -147 -18 111 -18 111 -18 -18 -18 -18 -18 111 -18 -18 -147 240 111 111 111 -18 -18 111 240 -18 -18 -147 -18 -18 111 -147 -18 111 627 240 111 -147 111 -18 -147 -18 -18 -18 -147 -18 -147 -18 111 -18 -18 -147 -18 240 -18 -147 -18 -147 111 -18 -147 240 240 -147 369 -18 -18 -18 -18 240 111 -147 -18 111 -147 -147 111 -18 -21 -147 111 -147 -147 -18 -147 -147 111 -18 -18 111 -147 -147 -147 -147 240 -147 111 -147 111 -21 
-7 -147 -147 -147 -18 111 240 369 240 240 111 369 -18 -147 -18 111 111 -18 -18 -18 -147 -147 -18 -18 -18 -18 240 111 -18 -18 -18 -18 -147 -18 -18 -18 -18 -18 240 -18 -147 -147 -18 -147 -18 111 -147 -18 -18 -147 -147 240 -147 111 -147 240 -18 111 -18 -18 -18 -147 -147 -147 111 -18 111 -147 240 111 240 -18 -147 111 111 -147 -18 111 -18 111 -147 -147 -147 111 -18 -18 -18 111 -147 -18 -18 -18 -147 -21 -147 111 -147 369 -147 -147 -147 -147 -18 111 -147 -18 240 -18 -18 -18 -147 240 240 -147 -21 
-7 -147 -18 111 -147 -18 -147 -18 111 -147 -18 -147 -147 -18 -18 -147 -147 111 498 -147 -147 240 -18 111 -147 -147 369 111 111 240 -18 -18 -18 -18 111 -147 -18 -18 -147 -18 -147 -147 -18 -18 -147 -18 -18 -18 -18 -18 -18 -147 240 -18 -147 -18 -18 -18 -147 -18 111 -18 240 -18 111 -147 -147 -18 240 111 369 -18 111 111 -147 -147 111 111 -18 111 -18 -18 -147 -18 111 -147 -147 -147 -18 -147 -18 -18 -18 -21 111 240 -147 -18 240 240 -18 240 111 111 -18 111 -147 -18 -18 -147 240 -147 111 -147 -21 
-7 -147 -147 -147 -18 -147 111 -147 -18 -18 -147 111 -18 -18 -147 240 111 111 -147 -18 -18 240 -18 -18 -18 111 -18 111 -18 240 111 -147 -18 -18 111 -18 111 -147 -147 240 -147 240 111 111 -18 -147 -18 111 -147 -147 111 -18 111 -147 111 -147 -18 240 111 -147 -18 -18 -147 240 -18 369 -18 -147 -18 240 -147 -18 -147 -147 111 -147 -18 -18 -18 240 111 111 -147 -147 111 -147 -147 111 -147 111 -18 -18 -147 -21 -147 -18 111 -147 -147 240 111 -147 369 -18 -18 -18 -18 -147 369 -147 -18 -18 111 -147 -21 
-7 -147 -147 -18 -18 -18 -18 -147 -147 -147 -147 -18 369 -18 -18 111 -147 -18 -18 -147 -18 -18 -18 -18 369 -18 369 -147 -18 -147 -18 111 -147 -18 -147 -18 -147 111 -18 -18 -147 369 -147 -147 -18 -18 -147 -18 -18 -18 -147 240 -147 -147 -18 111 -147 -18 498 -18 -147 111 -18 -18 -18 -18 111 111 -147 -147 111 -18 -18 111 -18 111 -147 240 111 240 -18 -18 -18 -147 240 -147 111 -18 -18 -18 -18 111 -18 -21 240 -147 -147 111 -18 111 -147 240 -18 -147 111 -18 -18 111 111 111 111 -147 -18 111 -21 
-7 -18 -18 -18 -18 -18 -147 111 -147 -18 111 -147 -147 111 -147 -147 111 111 -147 -18 -147 -147 -18 -147 -147 -18 240 111 -18 -147 -18 111 -147 -18 -18 -18 111 -147 369 -18 111 111 -18 -18 -18 111 -18 -147 -18 -18 -147 111 -147 -147 498 -147 -18 240 -147 -18 111 240 240 111 240 -147 240 -147 -18 111 -147 -18 -147 -18 111 -18 111 -18 -18 -147 369 111 -147 -18 240 -18 -18 111 111 -18 -18 -147 -147 -21 111 -18 -147 111 111 111 111 -18 -147 -18 111 240 -147 -147 -147 -147 -147 -18 -147 111 -21 
-7 -18 111 -147 369 240 -18 -147 240 -147 240 -147 240 -18 -147 -18 -18 -147 111 -18 -18 -147 111 -147 -18 -18 -18 111 -18 240 -18 -18 -18 369 -147 -147 240 -18 -18 -18 111 -18 111 -18 -18 -147 -18 -18 -147 -147 111 -18 -18 -18 -18 111 240 -147 -18 -18 -147 -18 -147 111 111 -18 -18 -18 111 111 -147 -147 -18 111 -18 111 240 -147 -18 111 240 111 -18 -147 -18 -18 -18 -147 -18 -147 -147 -18 -147 108 369 -147 -18 -18 111 -147 -147 111 -147 -18 -147 -147 369 -18 111 -18 -147 -147 -18 -147 -21 
-7 111 -18 -18 -147 -18 240 -18 -147 -18 -147 -18 111 111 -18 -18 -18 111 240 -147 -18 -18 -18 -18 -147 -147 -18 -147 369 -18 -18 111 -18 111 -147 -18 111 -147 -147 111 -18 111 627 -147 -18 -147 -18 -18 -147 111 -18 111 -18 -147 -18 -18 -147 -18 240 -147 -18 111 -18 -18 -18 -18 -147 -147 -147 111 -18 -18 -18 -18 -147 -18 -18 -18 -18 -18 -147 111 -18 369 -147 111 111 111 111 -18 -147 111 -147 108 -18 369 111 111 111 -18 -18 -147 -147 -147 -147 111 -18 -147 -147 111 -18 240 -147 111 -21 
-7 -147 -18 -18 111 -147 -147 -18 111 -18 -147 240 -18 111 240 -18 -147 -147 -147 -18 -18 111 -18 240 -18 -147 111 111 -147 -147 -18 -18 -18 -147 111 -18 -18 -18 -18 -18 -18 111 240 -147 -18 111 -147 -147 111 -18 111 -18 240 -18 111 111 -18 111 -147 111 240 -18 -18 -147 -18 -18 -147 -147 -147 111 -147 111 -18 111 111 240 -147 -147 -18 369 -18 111 111 -147 111 111 -18 -18 -147 -18 -18 -147 -18 108 -147 111 -147 -147 240 -147 -18 -147 -147 240 -147 -147 111 369 -18 -147 -18 -147 -147 369 -21 
-7 -147 -147 240 111 -147 -147 111 -147 -18 -147 -18 -18 -18 111 -18 498 111 369 -18 -147 -18 111 -18 -147 -18 -18 240 -18 111 111 -18 369 -147 -18 240 -147 -147 111 -147 -147 111 111 240 -147 -18 240 111 -18 111 -18 -147 -147 -18 -18 240 -147 -18 240 240 -18 -18 -147 -18 -18 -18 -18 -147 111 -147 -147 -18 -147 -18 -18 111 -147 -147 -18 111 111 -18 -147 -18 -147 -147 -147 -18 -18 -18 -18 -147 240 -21 111 -147 111 111 -18 -147 -18 240 -147 -18 -18 -147 -18 -18 -18 -18 -147 111 -18 111 -21 
-7 111 -147 111 111 111 111 111 111 -18 -147 -147 -18 -147 111 111 -18 -18 -18 240 -147 -147 -18 111 -147 -147 -18 111 111 -147 -147 -18 -147 -18 -18 -18 -18 111 -147 111 -147 -18 -147 -147 240 111 -147 -147 -18 -18 240 -147 -147 111 111 -18 -18 111 111 240 -18 -147 -18 -18 -147 -18 -18 -147 111 -18 -18 -18 111 -18 -147 -147 -147 -18 369 -18 -147 -18 -147 -147 111 -18 -147 -18 498 -147 111 -147 -18 108 240 -147 111 -18 -18 111 498 -147 111 -147 -18 -18 111 -18 -18 -18 111 111 -18 -18 -21 
-7 240 -18 240 -18 -18 -18 -18 111 240 -147 -18 -18 -147 -18 -18 -147 -18 -18 -147 240 -147 -18 111 240 111 -147 -147 -18 -18 -18 -18 240 -147 -147 -18 -18 -18 498 111 -18 -18 111 111 -18 -147 -147 -147 -18 -147 -18 -18 111 -147 -147 -18 -18 -147 -147 240 -147 111 -18 -18 240 111 -18 -147 111 -18 -18 -18 -18 -147 240 240 -18 -18 -147 -147 -147 111 -18 -147 -18 -147 -147 -147 111 -147 111 240 -147 108 111 111 -147 111 -147 240 -18 111 240 111 -18 -147 -147 -147 -18 -147 111 111 -18 111 -21 
-7 111 -147 -147 111 111 111 -147 -147 111 -18 111 -18 -18 111 -147 240 -147 -147 -18 -18 -18 -18 -147 -18 -18 -18 -147 -147 -18 111 -18 -18 111 111 -18 -147 -18 -18 -18 -147 -147 -18 -147 -147 111 -18 498 -18 -18 111 -18 111 -147 -147 240 240 111 -18 -147 -18 -147 240 -18 -18 -147 -18 111 111 -147 -147 498 111 -147 -18 -18 111 111 -147 -18 -18 111 -147 -18 -147 -147 111 111 -18 -147 240 -147 -147 108 111 111 -18 -18 -147 111 111 111 -147 -147 -18 240 -147 -18 111 -18 -18 -147 111 240 -21 
-7 -147 -147 -18 111 -18 -147 111 -18 111 -147 240 -147 240 -147 -18 -147 -18 -18 -18 111 -18 111 240 -147 -147 -147 -147 111 -147 111 -147 111 111 -147 -147 -18 -18 -147 240 -147 -147 -147 240 -18 -147 111 -147 111 -18 111 240 -18 -18 240 369 240 -18 -18 -18 -18 369 111 -147 111 -18 -18 111 -147 -18 -18 -18 111 -18 -18 -18 -147 -147 -18 -147 111 -147 -147 -18 111 -18 -18 -147 -18 -147 -18 -147 -18 -21 -18 111 -18 -18 -18 -147 -18 -18 -147 -18 111 -18 -18 -147 369 369 240 111 111 -147 -21 
-7 -147 240 111 -147 -147 111 -147 -18 -18 -18 -147 111 -18 111 111 240 -147 111 111 369 -18 111 -18 111 111 -18 -18 111 111 -18 -147 -147 -18 -147 -18 -147 -18 -18 -147 -18 111 -18 -18 -18 -18 -147 -18 240 -147 -18 -147 -18 -18 240 240 111 369 -147 -147 -18 -147 240 -18 -147 -147 -147 -18 -18 -18 -18 -18 -147 -18 -147 -18 -18 111 -147 -147 111 -147 -18 -147 111 -18 -18 -147 111 -18 -147 498 -147 -21 -18 -18 240 111 111 -18 111 -147 -147 240 -147 -147 -147 111 -18 111 -147 111 240 -18 -21 
-7 -18 -18 111 -147 -18 -18 -147 111 -18 -18 111 369 -18 -18 -147 -147 -18 -18 -147 -18 -18 111 -18 -18 -18 111 -147 -147 -18 -18 111 111 -147 -147 -18 -18 111 -18 -147 -147 -147 -18 111 -18 240 -18 240 -147 -18 111 -18 111 -147 111 -18 369 111 -147 -147 240 369 -18 -18 -18 -147 240 -18 111 111 -18 -147 -147 -18 -147 -147 -18 -147 111 111 -147 111 -18 -147 -147 240 -18 240 -18 -147 -147 240 369 -21 -147 -18 111 111 -147 -147 240 111 240 -147 -18 -147 111 -147 -147 -18 -18 -18 -147 -18 -21 
-7 -147 -18 111 111 111 111 -18 -18 369 -18 -18 111 -147 111 -18 -147 -147 -147 111 240 240 -18 240 -147 240 -18 111 240 -18 -18 -18 -18 -18 -147 -147 -18 -18 -147 -147 -18 -18 -18 -18 -147 111 498 -147 -18 240 -147 240 111 -147 -18 -18 -147 -147 111 -147 -18 -147 -18 -147 -18 -18 240 111 111 -18 -18 -18 -147 -18 -18 -18 111 -147 -147 -18 -18 240 -18 -147 -18 -147 -147 -147 -18 111 -18 -18 -18 -21 -18 -147 -147 111 240 111 240 -147 -18 -147 -147 111 111 -147 -147 -18 -18 -147 111 111 108 
-7 -18 -18 111 -18 111 240 111 -18 -18 -147 -18 -147 -18 111 -18 -147 240 240 369 -147 -18 -18 240 -18 -18 -18 -18 -18 -147 -147 -18 -18 -18 -147 -18 -18 -147 111 -147 111 111 -147 -18 -18 -147 -18 -18 -18 -147 111 240 240 240 -147 -18 -147 -147 -147 -147 -18 240 -18 498 -18 -147 -18 369 -18 -147 -147 240 -147 -147 -18 111 111 -147 111 111 -147 -18 -147 -18 111 -18 -147 240 -147 -18 -147 111 -147 -21 111 -18 240 -18 -147 -147 -18 -18 -18 111 -18 111 -18 111 -18 -18 -147 -147 -18 -18 -21 
-7 -147 111 111 369 -147 240 111 -18 -18 111 -18 -147 -147 -18 -18 -18 -18 -18 -18 -147 240 -147 -18 -147 -18 -18 -147 111 -18 240 -18 -18 240 -147 -147 111 -18 240 -147 240 111 -18 -18 111 -18 -147 111 -147 -18 240 -18 -18 -147 -18 -18 -18 240 -18 -18 111 -18 -18 -18 240 240 -18 -147 111 -18 240 111 240 -147 -147 111 -147 240 111 -147 -147 -147 -147 -147 -18 -18 -18 -147 -147 -18 -147 -18 111 -21 -147 -147 111 -18 111 -147 -147 -18 111 -147 111 -147 -147 -18 -147 240 -18 -147 -147 240 108 
-7 240 -18 -147 -147 111 -18 -147 -18 111 111 -18 111 -147 -18 -18 -147 111 -18 -147 -18 111 111 111 -147 -18 -18 111 111 111 -147 -147 -147 -18 -147 -18 -18 -18 111 240 111 -18 -147 -147 -18 -18 111 240 -18 111 -18 -18 -147 111 -147 369 -147 369 -147 240 -18 369 -147 -147 -147 -18 -18 -18 -18 -18 -147 -147 -18 -18 -147 111 -18 -18 -147 -18 -147 111 -18 111 -18 -147 240 111 -147 111 240 -147 -147 -21 111 -147 111 -147 369 -18 -18 -18 240 111 240 -147 -147 111 -147 -18 -147 -18 -18 -147 -21 
-7 -18 -18 111 -147 111 -18 111 240 111 -147 -18 -147 -18 498 -147 -18 -18 111 111 -147 -18 240 -147 240 111 -147 -18 111 -18 -147 111 -18 -147 -18 -147 111 -147 -147 111 111 240 -18 -147 240 -147 -18 240 -147 -18 -18 -147 -18 -18 240 111 240 -18 -18 -18 -18 -147 -147 -18 240 -18 -18 -18 -147 -18 -18 -147 -18 240 111 -147 -147 -18 -147 -147 -18 -18 240 -18 111 -18 -147 240 -147 -18 111 -147 -18 -21 -18 111 -147 -18 -18 111 -18 240 -18 -147 -147 -18 -147 -18 -18 240 -147 -147 -18 -147 108 
-7 111 111 -147 -18 240 -18 -18 -18 -18 -18 111 -147 -147 -147 -147 -18 111 111 -147 111 111 -147 111 -18 240 240 -18 -18 -147 498 -18 111 -18 -147 -18 111 -18 -147 -18 -18 111 111 -147 -18 240 -18 111 111 -18 -147 -18 -18 -18 -18 -147 -18 -18 -147 498 -18 -147 -18 -147 -147 -18 -18 240 -147 111 -18 -147 -18 -18 369 -147 -147 -18 -18 -18 111 -147 -147 -147 -147 111 -147 240 111 -147 -18 111 -18 -21 240 -18 240 -147 -18 -18 -147 -147 -18 -18 -147 111 -18 -18 -18 240 -18 -147 -18 -18 -21 
-7 -147 111 -18 111 111 -18 -18 -18 -147 -18 -147 -18 -147 -18 -18 -18 111 -18 240 -18 240 -147 -147 240 -147 -18 240 111 -147 -18 -147 -18 -147 -147 111 111 -18 -18 240 -18 -147 -18 111 111 -18 -18 240 111 -18 -18 -18 -147 240 -18 111 -147 -18 -18 -18 240 -147 240 -147 111 111 -18 -147 -147 -18 -18 -147 -147 -18 -18 -18 -18 -147 -147 -147 -18 240 -18 -18 -18 -147 -18 111 -147 -18 -18 369 111 108 -147 -18 -18 111 -147 -147 -147 -18 -147 -147 369 240 240 -18 -18 -147 369 -147 -18 -18 -21 
-7 -147 -147 240 -18 -147 -18 -18 -147 -147 -147 369 -147 111 111 111 -18 111 240 -147 111 -147 -18 -147 -147 369 -147 -147 -147 -18 -147 -18 -147 -18 -147 -18 -18 -147 -18 369 240 -147 -18 -18 -147 369 -18 -147 -18 -18 -18 -18 -18 111 -147 -18 -147 -147 -18 -147 240 -18 -18 -18 111 111 240 -18 -18 111 -18 -147 111 -18 -18 -147 111 240 -147 -18 111 -147 111 -18 -18 111 111 -147 -18 -18 -18 -18 -18 108 111 -147 240 -18 -18 111 111 111 -18 -147 111 -18 111 240 -18 -18 -147 -147 111 -18 -21 
-7 240 111 -18 111 111 -18 -18 111 111 -147 111 -18 111 -147 -18 -18 -18 -18 -18 -18 -18 111 111 -147 111 240 -147 -18 111 -147 -147 -147 -147 111 -147 -18 -18 -147 -18 498 -147 -147 111 -147 -18 111 240 -18 -147 -147 -18 -18 -18 -18 -18 -147 240 240 -18 -18 -18 -18 -18 -18 240 -147 -18 -147 -18 -147 111 -18 -147 -147 -18 -18 -18 -18 -147 -18 -147 -18 -147 111 -18 -147 111 369 111 -147 -18 111 -21 -147 111 -147 -18 -147 111 -147 369 -147 240 -147 -18 369 -18 -147 -18 111 111 -147 111 -21 
-7 -18 -18 -18 -147 -18 -18 -18 -18 -18 111 -18 -18 240 111 -18 -18 -147 -147 111 111 -18 -18 -147 -147 111 -147 -147 -147 -18 -18 -18 -147 -18 -18 -18 -147 -18 -18 240 111 -18 -18 -147 -18 -147 111 -147 -18 -147 -147 -147 -147 -147 111 111 -18 -18 111 369 -147 -18 -18 240 -147 -18 -18 -147 240 -18 369 -18 -147 -147 -147 -18 369 -147 -18 240 -18 -18 -18 -147 -18 111 -147 240 -147 -18 -18 -18 240 -21 240 369 111 -18 -18 -147 -147 -147 -18 -18 240 -18 -18 -18 -18 -18 240 -18 111 240 108 
-7 111 -147 -18 -147 -147 -18 111 -18 111 240 111 111 -147 -18 240 -18 -147 111 369 -18 -147 -18 -147 -18 -147 111 -147 111 -18 111 111 111 111 -18 111 -18 240 111 111 -18 -147 240 240 240 -18 -147 -18 111 -147 -147 111 111 111 111 -147 -18 111 111 -18 111 -18 -147 -147 -147 -18 -147 240 -147 111 111 -147 -147 -147 -18 -147 369 -147 -147 -18 -18 -18 -147 -147 -147 -147 -147 -147 -18 111 111 -147 -147 -21 -147 -18 -18 -147 111 -18 111 369 -18 -147 -18 -18 -147 240 -18 111 -18 -147 -147 111 -21 
-7 -18 -18 -18 -147 -147 -18 -18 -147 498 -18 -147 -147 498 -18 111 111 -147 -18 -147 -18 -147 -147 -18 111 -147 -18 111 -18 -18 -18 -18 111 -147 -147 -147 240 240 -18 -18 -147 111 -18 111 111 240 -147 111 111 111 111 -147 -18 -18 -147 -18 -18 111 -18 -147 -18 -18 -18 111 -18 111 -18 -18 111 -147 -18 -18 -147 -147 -18 111 111 -18 111 -147 -18 -18 -18 240 -18 -18 -147 -18 -147 -147 -147 -18 111 -21 240 -18 -147 -147 111 240 -147 -147 111 -18 -18 111 369 240 -147 240 -18 -147 -18 -147 -21 
-7 -18 111 -147 -147 -18 -18 -147 -147 -18 111 111 111 111 111 -147 -147 111 -18 -147 369 -18 -18 111 -147 -147 -18 240 -18 111 -18 111 -18 -18 111 111 111 -147 240 -18 -147 -18 -147 240 369 -147 111 -147 -147 -18 -147 -147 -18 -18 -147 -18 -18 -18 -18 -147 240 -147 -18 -18 -18 -18 -147 369 111 -18 111 -18 -147 111 -18 -18 -147 240 111 -147 -18 -147 -147 -147 -18 -147 111 369 111 -18 -147 -147 -18 108 -18 -18 -18 -18 -18 111 -18 -18 -147 -18 111 -147 111 -18 240 -18 -147 111 -147 111 108 
-7 -18 -147 -18 -18 -18 111 -18 369 -18 111 -18 -147 -18 -147 240 -18 240 111 -147 498 -147 -18 -147 -147 -18 -18 -18 111 -18 -147 -18 -18 -18 111 -18 111 -147 -147 -147 -18 -18 -18 -18 -18 -18 -18 -18 -147 -18 111 -18 -18 -18 498 -18 -18 -147 -18 240 111 -147 -147 -147 -147 -147 111 -18 -147 -18 -18 369 -147 -18 -18 369 111 240 111 111 -147 111 -18 111 -147 -147 111 -18 -147 -147 -18 -18 111 -21 -147 -147 -18 -18 -147 111 -18 111 -18 111 111 111 -18 -18 -147 111 111 -147 -18 -147 -21 
-7 111 -18 111 -18 -18 240 111 111 -18 -18 -147 -18 111 -18 -18 -18 -147 240 -147 -18 111 -147 -18 111 240 240 -147 -147 -147 -147 -147 240 498 -18 -18 -18 240 111 -18 -147 -147 -147 -147 111 -147 -18 -147 -18 -18 -18 -147 111 -18 111 111 -147 -147 -147 -147 240 -18 -18 -18 -147 111 -18 -147 -147 -147 -147 -147 111 -18 -147 -147 -18 -18 -147 111 111 240 111 -147 -18 -147 -18 240 -18 111 111 -147 240 -21 -18 -147 -18 -18 -18 111 -147 -147 -18 111 -18 240 -18 -18 111 111 -147 369 -18 111 -21 
-7 240 -147 -147 111 -18 -18 111 -147 -147 111 -18 -18 111 240 -18 369 -18 -18 -18 111 -18 -147 240 -18 111 240 -147 111 -147 -147 -147 -147 -18 -147 -147 240 -18 -18 -18 -18 -147 111 111 111 -147 111 -18 111 -18 111 -18 -18 -147 -147 -18 -18 -18 -18 -147 -147 -18 240 -18 -18 -18 -147 -147 -147 -147 111 -18 -18 369 498 111 240 -147 111 111 -147 -147 -18 -147 111 -18 240 -18 -18 -18 -18 -18 240 -21 -147 -18 111 -147 -18 -18 111 111 111 -147 111 -147 -18 -147 -147 -147 -147 -18 111 -147 -21 
-7 -18 -147 -18 -147 -147 -18 -18 -18 -147 111 -18 111 -147 -18 -147 -147 111 -147 -147 -18 -18 -147 111 -18 111 -18 111 -147 111 240 -18 -18 -18 -18 -147 -18 -18 111 -18 240 111 -18 111 -147 111 -18 111 -18 -147 111 -18 -147 240 -18 -18 -147 -147 -18 -18 -147 -147 111 369 -18 -18 -147 -147 -18 -18 -18 -18 -147 498 -147 111 111 -147 -147 -147 -18 111 -18 -18 -147 -18 111 -18 -18 -147 -18 -147 -18 -21 -147 -18 -147 111 -18 -18 369 -18 111 -18 -147 111 -18 240 111 498 240 240 -18 111 -21 
-7 -18 369 -18 -147 -147 240 111 -147 -18 -147 -147 -18 111 -147 111 111 -18 111 -18 -147 -18 111 -147 -18 -18 -18 111 -147 -18 111 -18 -147 -18 -18 -18 -18 -18 111 -18 -147 -18 -147 -147 -147 -147 111 -18 111 -18 240 111 -147 240 -18 -18 -18 -147 -18 111 111 111 -147 -147 -18 -147 -18 -18 -147 111 -18 369 -147 111 111 -147 111 -147 -147 -18 -147 -18 -18 -147 -18 369 111 -147 111 -147 240 111 -18 -21 -147 -18 -18 -18 240 369 -147 111 111 -147 -18 -147 240 -147 240 -18 -18 -18 -147 111 108 
-7 -147 -18 -18 -147 -18 111 -18 -18 -18 -147 -18 -18 -18 -147 -147 -147 -18 -18 111 -147 -18 111 -18 -147 -147 -147 -147 -18 111 -18 -18 -18 240 -147 -18 -147 -147 111 111 -18 -147 240 -18 111 -18 -147 111 240 -18 -147 -147 -147 -18 111 -147 -18 -18 111 111 -147 -18 -147 -147 -18 111 -18 369 369 111 -147 111 -18 240 111 111 -147 -18 -18 -147 -18 -18 111 -18 369 -147 240 -147 -147 -18 -18 111 498 -21 -18 -18 -18 -147 -18 -18 111 -18 111 111 -147 369 111 -18 -18 -147 -147 -18 111 111 -21 
-7 -18 -147 -18 111 240 -147 -147 111 -18 -18 -147 -18 -147 -18 -147 111 -18 -18 -147 -147 -18 -18 111 -147 111 -147 -147 -18 -147 -18 111 -18 -147 -18 369 -147 111 240 -147 111 111 240 111 111 -18 240 -18 -147 -18 -147 -147 -18 -18 111 -147 111 -147 -147 -147 240 -18 -18 -18 -147 240 -18 -147 -147 -18 240 240 -18 -147 -147 -147 -18 -147 -18 111 -147 -147 -147 111 369 -18 240 -18 -18 -18 240 240 -147 -21 111 -18 -147 -147 111 -18 -18 -18 -18 -18 -18 -18 240 111 111 240 -18 -18 240 -147 -21 
-7 240 111 -147 240 240 -18 -147 -147 -147 -18 111 -18 240 -18 111 -18 111 -147 -18 -18 -147 -18 -147 -18 -147 -147 -18 111 -147 -18 -18 240 111 -147 -18 -18 -147 -18 -18 -18 240 -147 -18 -18 -18 111 -18 -18 -18 -18 -18 369 -147 -147 -18 -147 111 -147 111 111 -147 -147 -18 -147 -147 -18 -18 -147 111 111 111 -147 111 -147 -147 -18 -18 111 -147 240 -147 240 -18 111 -147 -147 -147 -18 -147 111 -18 111 -21 -147 111 -18 498 111 -147 -18 111 369 -147 -18 111 -18 240 -18 -147 -18 111 111 -18 -21 
-7 -147 111 369 -18 -18 -147 -147 -18 -147 369 111 -18 -18 -18 -18 111 -147 -18 111 -18 240 111 -147 -18 -18 111 -147 -147 -147 -147 -18 -147 -147 111 -147 240 -18 -18 -18 -18 -147 369 111 111 240 240 -147 111 -18 369 111 -18 -147 -18 -147 -147 111 -18 111 -147 -18 -147 -18 -147 -18 -147 240 -18 -147 -147 111 111 111 -147 -18 -147 111 -147 -147 -147 111 -18 -18 111 111 -147 111 -147 -18 111 -18 -147 -21 240 -18 -147 240 -147 -18 -147 -18 111 -18 111 -18 -18 -18 111 -18 -18 240 -18 -147 -21 
-7 111 -18 -147 -18 -18 -147 111 -147 -147 240 -18 -147 111 -18 240 -147 111 369 -147 240 -18 -147 111 -147 -147 -18 -18 -147 -147 -18 111 111 -18 240 111 -18 -18 -18 240 -18 111 -18 -147 -18 111 -18 369 240 -147 -18 111 -147 -147 -18 111 111 -147 -18 -147 -147 -147 -18 111 -18 111 -18 -18 -18 -18 -18 -147 111 -147 -18 -147 -18 -147 240 -147 -147 369 -18 -18 240 111 -18 -147 -18 111 111 111 -18 -21 -18 -147 -147 240 -18 -147 111 -18 -18 240 -147 -147 -18 -147 -18 -18 -147 -147 -18 111 108 
-7 -18 -147 -147 -147 -18 -147 -18 240 -147 -18 -147 -147 111 240 -147 -147 111 -18 111 240 240 -147 -18 -147 -18 -18 -147 -147 111 -147 -18 -18 111 -147 240 -18 240 240 -147 -147 -18 -18 -147 -18 111 -18 111 111 111 111 -18 -18 111 111 -147 -147 111 240 -18 -147 111 -18 -147 240 -147 -147 -18 -18 -18 -147 111 240 -147 111 -18 -18 -147 -147 111 369 -147 -18 111 -147 -147 111 -18 111 111 -147 -18 -147 -21 -18 111 111 240 -147 -18 -18 -18 240 -147 -147 -147 240 111 -18 -18 111 -18 -18 -147 108 
-7 -147 -18 -147 -18 -18 -18 -147 -18 111 -18 369 -18 -147 -147 -18 -18 -147 111 -18 111 111 111 -147 -18 -18 -18 240 111 111 -147 369 -18 -147 111 -147 -18 111 369 -147 -147 111 -18 -147 -147 -147 -18 -147 -18 -18 111 -147 -147 -18 -147 -147 -18 -18 -18 -147 -147 -18 240 -147 -18 111 -18 -18 -147 -18 -147 -18 111 -18 -18 -18 111 -147 240 -18 -18 -18 369 -147 111 -18 -147 -18 -18 -18 240 -147 -18 -21 -18 111 498 -18 -18 -147 -18 111 -18 111 111 240 111 -147 -147 240 111 -18 -18 -18 -21 
-7 -147 240 -147 -18 -147 -18 -18 -18 111 240 240 -18 -18 240 -147 -18 -18 111 111 -147 -18 -18 111 369 -147 -18 -18 -18 -147 -18 -18 -18 240 111 240 -18 -147 -147 -147 240 -18 -18 111 -18 -147 -147 -18 -147 369 -147 -18 -147 -147 -18 -18 -147 -147 -147 -18 -147 111 -18 -147 -18 -18 -147 -147 -147 240 -147 111 -147 -147 -18 -147 -18 111 -18 -18 -18 111 -147 -147 -147 111 111 -147 111 -18 -147 -147 111 -21 240 111 -18 111 -147 111 240 -18 240 240 240 -18 111 -18 -18 111 -18 -147 240 -18 -21 
-7 -18 -18 -18 -18 -147 -18 111 -147 498 -147 -147 -18 -147 -18 -18 -147 498 -147 111 -18 111 -147 -147 111 -147 -18 -18 -147 -147 -147 -18 -147 111 -18 111 -18 -147 -18 -147 -18 -18 240 -18 111 111 240 240 -18 -147 111 -147 111 -18 -147 111 111 -147 -18 111 -18 -18 111 -147 -18 -18 111 -18 -147 -18 -18 -147 -18 111 -147 -18 369 369 111 111 240 -147 111 -147 111 111 -18 -147 -18 111 -18 -18 -18 -21 111 -18 -18 -147 -18 -147 -18 -18 -18 111 -147 -147 -18 -147 111 -18 111 240 -147 -18 -21 
-7 -147 -18 240 -147 240 111 369 -18 111 111 -147 240 111 -18 -147 -147 111 -147 -147 -147 -147 -147 -18 -18 111 -18 -147 -18 -147 111 111 111 111 369 -18 -18 -18 -18 111 -147 -147 111 -18 -147 -147 -147 -18 -18 111 111 -147 -18 -147 -147 -18 -18 240 -147 -18 -18 -147 -18 111 -147 111 -18 111 -147 -18 -147 -147 -147 -18 -18 369 -147 -18 -147 111 111 -147 -18 111 111 111 -18 -18 111 -18 -18 -18 -147 -21 -147 -147 240 111 111 -18 111 240 -147 -18 111 -18 111 -18 -18 -147 240 -147 240 -147 108 
-7 -18 -18 -18 240 111 111 240 -147 -147 -18 111 -147 -18 -18 -18 -147 111 -147 111 -18 111 -18 -147 -18 -18 -18 -18 111 240 111 498 111 -147 -18 -147 -147 240 -147 111 -147 -147 -147 -18 -147 -147 111 -18 -18 111 -18 -147 -147 -147 111 -18 -18 -18 -147 -147 -18 240 -147 -147 -18 111 -147 -147 -147 -147 111 111 -18 240 111 111 240 240 -147 -147 -18 111 -147 111 -18 -18 -147 111 111 111 -18 240 111 -21 240 -18 -18 -18 -147 -18 111 -147 -18 111 -147 -147 -18 369 111 -147 -147 -18 -147 -18 -21 
-7 111 -147 -18 -18 -147 -147 -18 -18 -18 -18 -147 -18 -18 111 -18 -18 -18 -18 111 -18 -147 -18 -18 111 111 -147 240 240 -18 -147 240 111 240 111 -147 -18 -147 -147 111 -147 -18 -18 111 -147 111 -18 111 -147 111 -18 -18 -18 -147 111 -147 -147 240 -147 240 -147 111 240 240 111 -147 111 240 -147 -18 369 -18 240 -18 -18 -147 -147 -18 -147 111 -147 -18 -18 -147 -147 -18 111 -147 -147 -18 111 111 -147 -21 -147 -147 -18 -147 -147 -18 -147 -18 -18 111 -18 -18 498 -18 -18 -18 -147 240 -18 240 -21 
-7 -18 -18 -147 -147 -147 -147 111 -18 -18 -18 -147 -147 -147 -18 111 -18 -18 -18 111 111 240 369 -18 -18 111 111 -147 111 -18 240 -147 -147 -18 111 -147 -18 -147 240 -18 -147 -18 111 -147 -18 -147 -18 111 -18 111 -147 -18 498 111 -18 -18 111 -18 -18 -147 -147 -147 -147 111 -147 -18 369 -147 -18 -147 111 -147 -18 -18 -18 111 -147 -18 -18 -147 -18 111 -18 111 -18 111 111 -147 369 -147 -18 -147 111 -21 111 111 -18 -18 -147 -147 -18 -18 -18 -18 369 -18 240 240 111 -18 -147 -18 -147 -18 -21 
-7 -18 -18 -18 -18 111 111 -147 369 -18 -147 -18 -18 111 -147 111 240 -18 -18 111 -18 -147 -147 240 111 -147 -147 -18 -18 -147 369 -18 -147 -18 -18 -18 498 -147 -18 -147 -147 -18 -147 -18 -147 111 -18 -18 -147 -18 -18 -18 -147 -147 -147 -147 -18 -147 111 -18 -18 111 -18 -147 -18 -18 111 -18 111 -147 -18 -147 111 -18 -147 -147 -18 -18 -147 -18 111 111 -18 -18 111 -18 111 -18 -147 111 111 111 -18 -21 -18 240 111 -147 -18 -18 240 240 -147 240 111 -18 -147 369 -18 -147 -18 240 -147 -18 108 
-7 -18 111 111 -18 111 -147 -147 -147 111 240 -18 111 -147 369 240 -18 -18 240 -147 -147 -147 -18 -147 -147 -18 -147 -18 240 -147 627 -147 -147 -147 -18 111 -18 111 -18 111 -18 -147 -147 -18 -18 -18 -18 -18 -147 -147 -18 -18 111 111 240 -18 -147 -147 -18 -147 -147 240 111 -18 -18 -18 -147 -18 111 -147 -147 -18 111 -18 -18 240 -18 240 111 111 111 -147 240 -147 -18 -18 -18 111 -18 111 111 -18 -18 -21 -147 111 -147 -18 -18 -18 -18 -147 111 -18 -147 111 240 -147 -18 -147 -18 -18 -18 -18 -21 
-7 111 111 -18 111 -147 -18 -18 -147 -147 -147 -147 -18 -147 -18 369 -18 -147 111 -18 -18 -18 111 498 -18 111 -147 -18 -147 -147 -18 240 -18 -18 -18 -18 -18 111 -147 -18 -147 -147 111 -18 -18 -18 111 -147 -18 111 -147 -147 -147 240 -147 -147 498 240 -18 111 -18 -147 -147 111 369 -18 -18 -18 -147 -18 -147 -18 -147 -18 -147 111 111 240 -18 -18 111 -18 -147 -147 -18 -18 240 111 -147 111 -18 -147 -18 -21 -18 111 -18 240 -18 -18 -147 -18 111 -18 -18 240 -18 -18 -147 -18 111 -18 -18 -18 -21 
-7 -18 111 111 -147 -147 111 -18 369 -18 -147 -18 111 -18 111 -147 111 -18 -18 -147 -18 111 111 -18 -18 -18 -147 111 -147 -147 240 -147 240 -147 111 240 -18 111 -147 240 -18 111 -18 -147 -18 -147 -18 -147 -147 -147 -18 240 -18 -147 -147 -18 -147 369 -18 -147 111 -147 -18 -18 111 -18 111 240 -147 111 -18 111 240 240 -18 -18 498 -147 111 -147 -18 -147 -18 111 -18 -147 111 -147 111 -18 -18 -18 111 -21 240 -147 -147 -18 -147 -147 -18 -147 -18 111 111 -18 -18 -147 -147 -18 -18 -18 -147 -18 -21 
-7 756 -147 -147 -147 -147 -147 -147 -147 -147 -147 756 1659 -147 -147 -147 756 756 -147 -147 -147 -147 -147 -147 -147 -147 -147 -147 -147 -147 -147 -147 -147 -147 -147 -147 -147 -147 -147 -147 -147 -147 -147 -147 -147 -147 -147 -147 756 756 756 -147 756 756 756 -147 -147 -147 -147 -147 -147 -147 -147 -147 756 756 -147 -147 -147 -147 756 -147 -147 -147 -147 -147 -147 -147 -147 -147 -147 -147 -147 -147 -147 -147 -147 -147 -147 -147 -147 -147 -147 -21 756 -147 -147 -147 -147 -147 -147 -147 -147 756 -147 756 -147 -147 -147 -147 -147 -147 -147 -147 366 
-7 -18 -18 111 240 -147 -18 -18 111 111 -18 -18 -147 -147 111 -147 111 -147 -147 -147 -147 -147 -147 -147 -18 -18 -18 111 -147 111 111 240 -147 -147 -18 -147 240 111 -18 -18 -147 -18 -147 -147 111 -147 240 111 369 -18 -147 111 240 111 111 -18 -18 -147 -18 111 -147 111 -18 240 -147 111 -147 240 -147 240 -18 -147 -18 -147 -147 -147 -18 111 -147 240 -18 -18 -18 240 111 -147 240 -147 111 -18 -147 -18 240 108 -147 -18 111 240 -18 111 -18 -18 -18 111 111 -147 -147 -147 -147 111 -18 -18 -18 -18 -21 
-7 -18 -147 -147 369 -147 111 111 111 -18 -18 -18 111 369 -147 -18 -147 -18 111 -147 -147 111 -18 -147 -147 369 -18 240 -147 -147 111 -147 -147 -147 -147 -18 -147 111 -18 -147 111 -18 111 111 240 -18 -147 -18 -147 369 111 -147 -147 111 111 111 -18 -18 -147 -18 -147 -147 111 -18 -18 -147 111 369 -18 -18 -18 -147 -147 -18 -18 -18 -18 -18 111 -18 -147 111 111 111 -18 -147 -18 -147 111 240 111 111 -147 -21 -18 369 -18 -18 -147 -18 -18 111 111 -18 -18 -147 -147 -18 111 -147 -18 -18 -18 111 -21 
-7 -147 -18 -147 240 -147 111 240 -147 -18 -18 -18 -18 -147 111 -147 111 -18 -18 -18 240 -18 -147 -18 -147 -147 111 -18 111 240 -18 -147 -147 -18 -147 498 111 -18 -18 -18 -147 -18 -147 -147 -147 111 -147 -147 -18 111 -147 111 111 -147 -18 -18 240 111 -147 240 111 111 -147 240 -18 240 -147 111 -18 -147 -18 -18 -18 111 -147 -18 -18 -147 -18 -147 -147 111 498 -18 -18 240 -18 -18 -18 111 -147 -18 -147 -21 111 -18 -147 -147 -147 111 -18 240 -18 -147 -18 111 -18 -18 -18 -18 111 111 111 -18 -21 
-7 -18 111 111 -147 -147 369 -147 -18 -147 -18 111 -147 -147 240 -147 -147 -18 -147 -18 -18 -147 -147 -147 -147 111 -18 -18 -18 -18 -18 -18 -147 -18 240 -147 111 -18 111 111 -18 -147 -147 369 -18 -147 111 111 -18 111 -147 111 -18 111 -18 -18 111 111 111 -18 -18 -147 -18 -147 111 -18 -18 -18 -147 -147 -18 -18 -18 -147 111 -18 -147 -147 498 240 240 240 -18 111 -147 111 -18 -147 -18 -147 -18 240 -18 -21 240 -18 -147 -147 240 -147 -147 111 111 -18 -147 111 -147 111 -18 -18 -18 240 111 -18 -21 
-7 240 111 -147 -147 -147 -147 -18 369 -18 -147 -18 -147 -18 -147 -147 111 -18 -18 111 -18 -147 -147 -18 -18 498 111 111 111 111 -18 111 -18 -147 111 240 -18 -147 -147 -18 -18 -147 -18 -147 240 -147 -18 111 111 111 240 -18 -18 -147 -147 -18 111 -147 240 -147 111 369 -18 -18 -147 -18 -147 -18 111 111 -18 -147 -18 -18 -18 240 -18 111 111 -147 -18 -147 -18 -147 -18 111 -147 -147 -147 -18 -18 -18 -147 -21 -18 -147 -147 240 111 -147 -18 -147 -18 -147 111 240 -18 111 111 -18 -18 -18 111 240 -21 
-7 -147 627 -18 -18 -18 -147 111 -18 -18 -18 111 -18 111 -18 -18 -18 -147 -147 -18 -18 -18 -18 111 -147 -18 111 111 -18 -147 -147 -18 111 111 -147 -18 -18 111 -18 240 -147 240 -147 -147 240 240 111 111 -147 -18 -147 -147 111 240 111 -147 -18 -147 111 -147 -147 -18 111 -18 -147 111 111 -147 -18 240 111 111 111 -18 -18 369 -18 -18 -147 -18 -147 -18 -147 111 -147 -18 -18 -18 -147 -18 -18 -18 -147 -21 111 -18 111 -147 -147 -147 111 369 -18 -18 -147 -18 -147 -147 -18 -147 -18 240 111 -18 -21 
-7 -147 -18 240 -18 240 111 -147 -18 -147 111 -18 111 -18 -147 -18 -147 -18 240 111 -18 -147 -147 111 -18 -18 -147 240 -147 -147 -147 240 111 -147 -147 -18 -18 -147 -18 -147 111 -147 -147 -147 -18 111 -147 111 -147 -18 -18 -18 498 -18 111 -18 111 240 240 -18 -147 -18 -18 -147 -147 111 -147 -147 111 -147 -18 -18 -147 111 369 -147 111 -18 -18 -147 111 -18 -18 240 -18 111 111 -147 -18 240 -18 -147 -18 -21 -18 -18 -18 -147 -18 111 -147 -147 -18 -18 240 -147 -18 -147 111 111 111 111 111 240 -21 
-7 240 -18 -18 111 -147 -147 -147 -18 -147 -147 -18 111 -147 -18 -147 -147 -18 -18 -18 -147 -18 -147 -18 -18 -147 -147 -18 -18 -18 -18 -147 240 111 240 -18 111 -18 -147 -18 -147 -147 111 -147 240 -147 240 -18 111 -147 -147 240 -147 111 111 -18 -147 111 -147 -18 -18 -18 240 -147 -18 111 369 -147 369 -147 -18 111 -147 111 -18 111 -18 -18 111 -18 -18 -18 111 -18 -18 240 -147 -18 -18 240 -147 -18 -147 -21 -18 111 240 111 -147 369 -147 111 -18 -18 -18 -147 -18 240 -18 240 -147 -147 111 -18 -21 
-7 -18 -147 -18 240 -147 -147 -18 -147 -18 -18 -18 -147 -147 -147 -147 111 -18 -18 -18 -18 -147 240 -18 369 111 -18 -147 111 111 -18 -147 -18 111 -18 -18 -147 -18 -147 -18 -18 -147 -18 -18 111 369 -18 -147 -147 -147 -147 -147 111 240 -147 -147 -147 240 -18 -18 111 240 -18 -18 -147 -18 -147 -18 -18 111 -147 -18 -18 111 111 111 111 -18 369 111 -18 240 -18 240 -18 -147 -18 -18 -18 -147 111 111 -18 -21 -18 111 -18 111 -18 -18 -18 -18 -147 111 -18 -18 -18 -147 111 111 -18 -18 -18 -18 237 
-7 -147 -18 -18 -147 -147 -18 -18 -147 -147 -147 -18 111 -147 -18 111 -18 -147 -147 -18 -18 -18 -147 -18 -147 -18 369 111 498 -18 -18 -147 369 -147 111 -147 -18 -18 -18 -147 240 -18 -18 111 111 -18 -147 -18 -18 -147 240 -18 -147 111 -147 -18 240 -147 -147 111 -147 111 -147 -18 -147 -147 240 -18 -147 -18 -18 111 111 -147 -18 -147 111 -18 -147 -18 240 -147 111 240 111 -18 111 111 -18 240 -18 -18 111 108 111 -18 -147 -18 -147 -18 -18 -18 111 111 -18 -18 -18 -18 -18 -18 -18 -18 240 111 108 
-7 -147 -18 -147 -18 111 -147 -147 -18 -147 111 -147 -18 111 -18 498 111 -18 -147 111 -18 -18 -147 -18 240 240 -18 111 -147 -18 -147 -147 111 -18 111 -147 111 -147 240 -18 -147 -147 111 -147 -18 -18 111 111 -147 -147 -147 -18 -18 -18 -18 111 -147 -18 -147 -18 111 240 -147 -147 369 111 -147 240 -18 -18 111 111 -18 111 -147 -18 -147 -18 -18 111 -147 -147 111 240 -147 111 -147 -18 369 111 -147 -18 111 -21 111 -18 -18 -147 111 -147 240 -18 -18 -18 -147 111 -147 -147 -18 111 111 -147 111 111 -21 
-7 -147 -18 111 -18 -18 -147 240 -147 -18 111 -18 240 111 -147 -18 -147 -18 -147 -18 -147 -18 240 369 -18 -18 111 -147 -18 111 -18 -147 -18 -147 111 111 111 -147 -18 -147 -147 -147 -147 -18 111 -18 -18 240 -147 111 -147 -147 -18 -147 240 -18 -147 -147 111 111 -147 -147 -18 111 240 -18 -18 -18 -18 111 -147 111 240 -147 111 -147 369 -18 111 -18 -147 -147 240 -18 -147 -18 -147 -18 -18 -18 111 240 -18 108 -147 -147 111 111 240 -18 -147 -147 -18 -18 111 111 -147 240 111 111 -147 111 -18 -147 -21 
-7 -18 -18 -147 -18 -18 -147 -147 111 -18 -18 -147 -18 111 -18 -147 -18 -147 240 111 -147 -18 -147 -18 -18 -147 -147 -18 111 -18 -18 -18 -147 -18 -147 111 -18 -18 -18 -147 -18 -147 -147 240 -147 -18 -18 -147 369 -18 111 -18 111 -147 -147 -18 -147 111 111 -18 -147 -147 -147 -18 240 111 369 -18 -147 369 111 -18 -18 -18 -18 240 111 240 -18 -18 -18 240 111 111 -18 111 -18 498 240 -147 240 -18 -18 -21 -147 -147 -18 -147 -18 -147 -18 -18 -18 -18 -147 -147 -147 -18 111 111 -18 -18 240 111 -21 
-7 -147 -147 -18 -147 111 -18 -18 -147 111 111 -147 -18 -18 111 -147 111 -18 -18 -18 111 111 240 -147 111 -18 -18 111 -147 -147 -18 -147 111 -18 -147 -147 -147 -18 -147 111 -18 111 -147 -18 -18 -147 111 -147 -18 -147 369 -18 -18 -147 -18 -147 111 -147 -147 111 -18 111 -18 -18 -18 240 -18 -18 240 240 -18 -18 -18 -147 240 -147 -18 111 240 -18 -147 111 -147 -18 -147 -18 369 -18 240 369 -147 -18 -147 -21 -147 -18 -18 111 111 -147 -147 240 -147 -18 -147 240 -18 369 -147 -18 111 111 -18 -18 -21 
-7 -18 -18 -147 -18 -147 369 -147 -147 -147 -147 -18 111 111 -147 -147 -147 -147 -18 240 -147 111 240 -147 111 111 -18 -147 -18 111 -18 111 369 -147 111 369 369 -147 -18 -18 111 -18 -147 -18 -18 369 111 -147 111 -147 -18 -18 -18 -18 111 369 -18 -147 -147 -18 -147 -147 -18 -18 -18 -18 -147 -18 -18 -147 240 -147 111 -147 111 240 -18 111 -18 111 -18 -18 -147 -18 111 -18 111 -18 111 -18 -18 -147 -147 -21 -147 111 -18 -18 111 -18 111 -18 111 -18 -18 111 111 -147 -147 -18 -18 -18 -147 -147 -21 
-7 111 -18 -18 -147 -18 -18 -18 -18 -147 -18 -18 -18 -147 -147 240 -147 -18 -18 111 -147 -18 -147 -18 -18 -147 -147 111 -147 -18 -18 -147 -147 -147 -18 -18 -18 369 -147 -147 111 -18 240 -18 -147 -147 111 -147 -18 111 -147 -18 -18 -147 -18 369 111 -18 -18 -18 240 -18 240 240 -147 -18 -18 -18 111 240 -18 111 111 -147 498 -18 -147 240 -147 -18 -18 -18 240 111 -18 -147 -147 -18 -18 -147 -147 -18 -18 -21 111 -147 -18 -18 -18 -147 111 240 111 -18 111 111 111 -18 -18 111 -147 240 -147 -18 108 
-7 -18 -147 -147 -147 -18 -147 -147 -18 111 -18 -147 -18 -147 -18 -18 369 -18 -18 -147 -18 -18 -18 -18 -147 -147 240 -147 -18 111 111 369 111 240 -18 -18 -18 111 -147 111 369 -18 -147 -147 240 -18 111 -147 -147 -18 -18 -147 111 111 -18 240 -147 -18 -18 -147 -18 -147 -147 -18 369 -147 111 240 -18 -18 -147 111 -147 -147 240 -18 -147 -18 -18 -18 -147 111 111 -18 111 240 -147 -147 -147 -18 -18 111 -18 -21 -18 -18 111 -18 -18 -18 111 -147 -18 -18 111 -147 -18 111 -18 -147 369 240 -18 -18 -21 
-7 -18 369 111 -18 -18 -147 111 111 -18 111 -147 -18 -18 -147 -18 240 111 -147 -18 -18 -147 -18 -147 -147 -147 -147 -18 -147 240 -147 -147 -18 -18 -147 -18 -18 -147 -18 111 -18 -18 111 240 -147 -18 -147 -18 -147 240 -147 111 111 111 -147 111 111 -18 -147 -147 -147 -18 -147 -147 -147 -147 111 -18 -147 -147 111 -147 369 -18 240 -18 -18 -18 111 240 -147 -18 -18 -147 240 -147 -18 240 -18 240 -18 -18 -18 -21 -18 -18 111 240 -18 240 111 -147 -18 -18 -147 111 -18 111 -18 240 240 -147 -147 240 -21 
122 240 -147 111 -147 111 -18 111 111 -147 -18 -18 -18 -18 -18 -18 111 -147 -147 -147 -147 498 -147 -18 -18 -18 -147 -18 111 -18 -18 -147 -18 111 -147 -18 -147 -147 111 -18 -147 111 -147 240 111 111 -18 -147 -18 -147 -147 -18 -18 -18 111 111 240 -147 111 -18 -147 -18 -18 -18 -18 111 -147 111 -147 -18 -147 -18 -18 111 -18 -147 111 240 111 -18 -18 -18 -18 240 -147 240 -147 -18 -147 -147 -18 -18 -147 -21 -18 -18 111 111 111 111 111 111 -18 240 111 -18 240 -18 -147 -147 -18 -147 -18 240 -21 
122 -18 111 -147 240 -147 -18 -18 -147 -18 -18 -18 -147 -147 -18 -18 -147 -147 111 -147 -18 -147 -147 -18 369 -147 111 -147 -147 111 -18 -18 -18 -147 -18 -18 -147 -147 -18 111 -18 -18 111 -147 -147 -147 111 111 -147 111 369 111 -18 111 240 -147 -18 -18 111 -18 240 -147 -147 -18 -18 -18 111 240 111 -147 111 -147 111 -147 111 111 111 -147 -18 -147 111 -147 -18 -18 -18 -147 -18 240 -18 -18 -18 -18 -18 -21 -18 111 -18 -18 240 -18 240 -18 -18 111 111 -147 111 -18 -147 -18 -18 240 240 -18 -21 
-7 -147 -147 -147 -147 756 -147 756 -147 -147 -147 -147 -147 -147 -147 -147 756 -147 -147 -147 -147 -147 756 -147 -147 -147 -147 -147 -147 -147 -147 -147 -147 -147 -147 -147 -147 -147 -147 -147 -147 -147 -147 -147 -147 -147 -147 -147 -147 -147 -147 -147 -147 -147 -147 -147 -147 -147 756 -147 756 -147 756 -147 -147 -147 -147 756 -147 -147 756 -147 -147 -147 -147 756 -147 -147 -147 -147 756 756 -147 -147 -147 756 -147 -147 -147 756 -147 -147 -147 366 -147 -147 -147 -147 -147 -147 -147 -147 1659 756 -147 -147 -147 -147 -147 756 -147 -147 -147 -147 -21 
